100
22 7
16 12 4 9 20 8 15 11 14 1 10 7 0 2 19 21 6 17 18 5 3 13
11 11 20 20
2 5 20 20
0 0 14 19
11 15 20 20
0 5 16 17
5 18 21 21
10 18 19 19
53 15
51 34 6 24 28 45 29 1 4 8 42 30 39 37 38 36 27 5 16 46 47 44 11 50 0 33 10 48 41 17 15 19 22 32 12 21 9 25 40 23 14 26 3 52 7 13 18 43 49 31 20 2 35
0 0 34 40
0 0 22 49
3 7 45 47
0 39 40 41
7 26 30 40
26 49 51 51
3 19 40 50
15 46 52 52
34 51 52 52
16 27 41 51
8 27 40 44
3 14 42 45
0 5 24 31
27 41 44 44
2 10 30 39
30 45
20 5 16 6 23 29 1 3 24 2 4 12 19 10 22 21 27 28 26 0 15 25 9 17 18 14 13 8 7 11
2 19 20 25
0 4 12 19
1 27 29 29
13 13 25 26
1 10 22 23
8 23 25 28
2 4 21 29
7 26 28 28
7 11 12 29
3 8 17 17
1 20 29 29
15 15 27 27
2 23 25 28
2 20 25 25
6 14 26 26
11 16 27 28
12 19 23 29
6 12 23 23
0 28 29 29
10 20 25 29
13 14 24 29
21 27 28 29
8 13 26 26
6 15 17 27
1 1 18 21
5 7 19 20
11 14 26 29
18 18 26 27
19 28 29 29
5 11 12 16
15 27 29 29
14 14 24 24
12 14 27 27
22 24 28 28
14 19 22 24
0 23 28 29
8 16 28 28
13 23 24 26
8 8 26 26
2 4 13 19
24 25 27 28
0 2 26 28
4 26 27 28
1 19 21 29
2 19 26 28
58 39
9 31 40 50 35 1 12 11 8 49 42 32 14 25 4 56 5 46 23 21 10 55 0 18 39 2 19 26 34 17 3 54 41 27 51 36 38 53 16 22 6 57 20 33 52 24 7 13 44 47 43 37 48 29 30 28 45 15
6 48 55 56
12 28 32 51
3 27 30 36
41 50 55 55
10 25 29 42
7 29 33 47
7 13 30 49
9 30 54 57
36 37 41 41
6 30 34 46
7 7 53 53
1 28 43 56
9 34 44 48
20 20 42 48
15 37 50 57
10 17 33 45
2 6 30 57
23 45 50 52
29 34 47 55
0 48 52 54
7 14 45 55
5 49 57 57
29 36 38 51
22 41 47 49
13 52 53 53
0 0 41 54
2 6 51 56
10 19 29 43
7 10 14 57
18 18 50 55
0 0 51 56
33 46 55 56
28 28 46 56
0 1 22 27
8 11 54 56
4 46 55 56
7 54 55 55
0 5 47 57
34 53 56 57
51 11
35 6 22 40 18 42 32 5 11 21 37 16 46 49 39 20 43 34 7 19 29 8 26 25 24 15 4 47 9 30 3 31 44 33 10 36 13 17 45 2 28 12 27 23 14 38 0 41 48 50 1
19 24 40 46
5 36 41 49
18 25 40 47
12 38 50 50
26 34 47 49
14 35 45 47
10 18 39 47
19 39 48 49
21 42 44 46
15 16 17 34
0 12 23 44
17 26
16 11 10 9 6 5 8 0 15 14 12 13 1 4 7 3 2
2 5 14 15
11 11 16 16
0 4 11 13
1 14 15 15
5 7 14 16
9 9 15 15
7 15 16 16
2 12 13 13
5 6 7 13
3 4 15 15
2 11 13 14
11 13 15 15
2 6 15 15
14 14 16 16
0 0 2 3
10 14 16 16
0 11 16 16
5 7 8 9
8 15 16 16
0 13 16 16
0 11 13 14
12 14 15 15
1 10 16 16
0 14 15 15
2 2 6 8
4 8 15 16
52 27
49 42 18 41 16 1 32 26 51 50 27 8 15 14 2 44 33 10 38 35 25 6 48 46 45 40 4 47 23 37 31 0 21 3 5 11 24 22 19 12 13 7 17 9 28 34 20 43 36 39 29 30
19 21 37 50
3 8 20 35
16 21 31 39
13 32 33 35
13 43 51 51
24 24 50 51
27 37 51 51
7 24 37 37
13 17 33 47
18 25 30 35
9 32 38 47
16 29 45 46
32 33 40 50
2 39 40 40
1 14 44 47
5 33 48 51
4 9 41 44
22 22 36 45
24 27 50 51
0 1 8 48
20 25 26 29
44 45 49 51
18 22 33 43
7 18 46 47
0 2 3 36
3 3 8 22
29 30 34 41
22 31
21 9 15 1 2 5 12 0 3 17 7 13 6 18 8 16 10 14 20 11 4 19
11 13 17 21
1 13 18 20
3 3 20 21
10 12 14 18
1 1 8 19
1 1 8 12
0 6 10 14
11 14 19 20
15 16 17 18
0 0 2 19
2 7 8 16
0 1 14 21
4 8 12 15
0 12 19 21
15 19 20 20
6 7 18 20
7 8 9 14
3 4 13 18
0 1 21 21
3 3 16 16
11 19 21 21
11 12 16 21
14 18 19 19
7 10 13 18
2 4 5 17
14 14 20 21
15 15 21 21
4 13 17 18
14 20 21 21
5 5 18 18
1 1 10 16
51 12
41 23 11 8 13 29 43 17 19 10 12 32 26 49 20 35 2 18 40 28 50 16 9 33 48 37 39 45 6 47 1 22 36 46 38 34 24 30 31 21 44 3 0 15 7 14 25 42 27 4 5
11 47 48 48
0 0 15 40
1 9 16 35
5 32 43 44
4 25 49 50
6 10 35 39
24 34 44 46
49 49 50 50
3 3 49 50
3 4 49 49
1 6 22 27
35 42 49 49
13 5
2 8 7 4 0 1 3 6 5 11 12 9 10
1 2 12 12
0 6 9 11
2 3 12 12
1 8 12 12
3 9 11 12
29 22
17 20 21 5 16 9 3 26 22 14 15 12 24 19 10 23 18 8 27 1 2 7 0 11 25 6 4 28 13
2 14 26 28
7 27 28 28
1 4 13 14
0 19 20 27
4 8 25 27
3 4 11 22
6 7 12 28
13 19 21 27
0 3 26 28
6 10 16 28
1 14 20 21
6 26 28 28
1 3 27 27
4 14 27 28
1 5 25 28
11 16 25 26
21 22 26 26
6 25 26 26
8 16 22 27
5 6 12 14
7 11 22 22
4 4 25 27
36 45
25 30 23 27 22 12 35 13 21 11 34 0 33 14 31 15 19 29 4 6 5 26 32 8 18 7 9 20 1 28 24 10 2 3 17 16
6 14 23 26
6 8 13 16
11 17 32 35
2 2 14 16
0 0 15 21
12 12 18 18
5 15 28 34
22 27 31 31
3 7 29 31
3 12 16 32
10 12 35 35
4 28 31 32
1 1 29 29
7 32 33 33
0 0 1 15
2 30 35 35
2 14 33 33
6 8 19 26
3 3 21 25
11 28 31 34
11 28 29 29
0 2 24 30
14 25 35 35
2 7 19 21
3 10 14 21
7 8 26 29
3 3 16 33
8 32 33 35
0 0 23 31
16 24 27 27
26 27 30 30
2 33 34 34
4 19 32 35
32 34 35 35
0 30 32 34
1 2 21 32
8 17 30 34
9 11 31 35
7 12 34 34
8 30 35 35
6 12 25 35
12 13 27 31
3 34 35 35
12 13 28 30
0 0 10 33
3 43
0 1 2
0 0 2 2
1 1 2 2
0 0 1 1
1 1 2 2
0 1 2 2
0 0 1 1
1 1 2 2
0 0 2 2
0 0 1 1
1 1 2 2
0 1 2 2
0 1 2 2
0 0 1 1
0 1 2 2
0 1 2 2
0 0 1 1
0 0 2 2
0 0 2 2
0 1 2 2
0 1 2 2
0 0 1 1
0 0 1 2
0 0 2 2
0 0 1 1
0 1 2 2
0 0 2 2
1 1 2 2
0 0 2 2
1 1 2 2
0 1 2 2
0 1 2 2
0 1 2 2
0 1 2 2
0 0 2 2
0 0 2 2
0 1 2 2
1 1 2 2
0 0 2 2
1 1 2 2
0 0 1 1
0 1 2 2
0 0 2 2
0 1 2 2
23 31
18 21 12 14 1 16 22 4 20 5 3 10 0 17 6 7 9 13 19 8 11 2 15
5 13 18 20
2 12 13 13
4 9 21 22
8 21 22 22
3 15 20 22
1 4 22 22
0 4 14 16
11 20 22 22
19 21 22 22
8 8 16 18
3 12 13 22
2 21 22 22
3 18 21 22
10 16 17 22
5 11 13 16
2 12 19 21
4 11 14 20
10 17 21 22
9 18 21 22
0 1 20 20
9 16 17 18
2 2 8 8
0 14 20 20
9 16 19 22
4 5 15 18
0 0 8 8
5 7 21 21
1 2 22 22
3 11 12 19
1 5 21 22
1 1 22 22
91 47
14 31 76 83 7 59 53 6 66 13 73 26 9 57 38 30 10 3 48 80 68 81 19 46 16 37 78 1 85 43 77 75 47 29 42 67 39 15 45 54 70 71 88 24 49 82 23 36 34 64 61 12 17 22 33 44 72 50 63 51 69 4 62 32 27 40 0 84 65 74 20 87 58 55 25 41 79 8 5 86 35 18 56 60 89 11 52 21 90 28 2
4 4 36 51
18 21 45 46
49 58 61 67
30 56 66 88
8 58 86 89
52 58 86 86
11 69 76 84
26 53 82 85
10 79 89 90
6 64 77 85
34 38 55 74
6 86 90 90
25 73 86 87
51 55 78 85
24 75 81 84
3 39 43 61
7 82 87 88
6 7 56 87
16 49 57 59
62 82 88 89
10 13 86 90
5 65 68 71
35 84 86 89
76 77 86 86
24 68 86 87
1 37 67 73
2 16 68 69
5 8 90 90
7 12 59 68
15 84 90 90
9 9 14 78
18 23 68 81
0 3 49 67
4 45 56 84
0 12 31 88
67 67 86 90
0 1 23 37
12 12 63 73
19 24 89 90
48 84 85 89
13 55 76 83
8 38 63 77
8 8 54 66
24 56 75 78
22 33 80 85
41 63 72 86
27 27 42 68
25 4
12 17 9 4 19 0 24 16 5 20 1 14 18 6 22 2 13 15 7 23 10 8 21 11 3
0 21 22 23
11 22 24 24
7 9 10 10
6 10 14 21
70 40
49 43 28 61 12 0 60 31 42 10 64 30 3 68 32 63 23 9 55 25 65 16 53 54 46 50 27 66 52 13 48 6 51 58 44 14 26 47 45 34 21 8 20 38 22 56 37 59 2 18 1 67 24 39 29 57 33 62 40 7 4 69 5 41 11 17 36 35 19 15
28 59 63 69
12 12 24 65
0 4 41 64
6 26 54 59
3 49 65 66
0 0 31 31
5 6 42 59
2 4 24 57
1 7 41 65
1 33 46 58
23 36 49 58
1 68 69 69
27 44 63 67
21 33 56 60
5 5 26 26
16 37 67 68
5 8 53 64
8 64 69 69
0 10 38 49
15 32 61 67
17 34 54 65
0 0 9 43
19 31 36 48
38 53 69 69
6 6 39 58
0 5 32 62
1 5 8 37
3 39 63 63
33 48 52 63
20 44 66 66
6 28 62 64
21 51 68 68
1 2 62 69
17 32 67 68
11 53 55 56
3 58 59 64
13 13 58 59
33 56 61 66
17 38 65 66
0 1 9 64
23 46
8 17 3 15 19 14 4 20 6 0 11 2 16 7 18 22 12 21 5 13 10 1 9
12 16 19 22
7 12 22 22
12 14 16 17
1 3 4 15
0 20 21 21
6 11 15 20
9 11 14 19
6 7 14 19
12 15 18 20
3 9 15 22
6 12 20 21
6 20 22 22
4 14 18 18
5 9 20 22
0 0 4 22
1 6 16 19
1 7 21 22
1 16 19 19
0 0 4 12
2 4 5 15
9 14 20 21
3 3 12 14
2 5 7 14
1 21 22 22
2 2 18 22
8 13 21 22
0 5 9 11
0 4 11 20
0 0 1 16
6 6 14 16
17 21 22 22
6 8 10 17
4 4 11 20
1 2 14 19
0 0 10 15
10 19 21 21
0 0 6 13
0 2 6 14
10 14 19 19
11 16 18 22
8 8 9 13
5 9 16 16
12 12 13 18
2 7 12 18
7 7 13 17
0 0 3 21
61 29
52 60 33 6 0 2 3 38 55 48 29 1 28 4 56 59 45 49 31 40 13 34 10 46 51 47 18 26 7 23 5 14 22 54 35 9 21 19 27 32 57 44 11 30 42 15 20 25 8 50 36 43 24 37 39 17 12 16 53 41 58
13 16 20 25
23 44 45 58
5 10 11 57
26 44 55 55
21 24 50 53
34 50 51 55
3 44 45 57
22 53 55 59
20 28 34 60
2 31 60 60
6 9 39 41
1 58 59 59
25 42 45 52
32 42 56 57
38 56 58 59
32 35 41 41
22 27 49 54
41 55 56 60
8 43 46 59
2 4 23 44
3 53 54 60
23 38 53 55
28 29 39 48
32 51 55 59
10 39 46 55
4 10 22 35
18 30 35 40
34 46 50 56
2 21 33 44
21 9
12 4 14 9 13 6 10 11 20 8 19 7 0 5 15 18 1 16 17 3 2
6 12 18 19
4 9 15 19
0 1 18 20
7 8 16 17
11 12 19 20
1 1 11 16
5 5 18 19
3 16 18 20
2 14 19 19
39 4
28 36 26 16 3 21 15 1 0 34 11 2 8 27 25 4 12 23 33 29 30 10 9 19 37 6 13 7 24 32 5 14 31 35 22 18 17 20 38
8 11 36 37
2 7 33 38
20 36 37 37
24 26 33 34
17 2
10 5 2 13 11 7 15 1 4 9 12 3 6 8 14 16 0
0 0 5 15
10 11 14 15
13 24
2 7 9 0 4 5 10 6 3 8 11 1 12
4 11 12 12
2 5 10 12
0 1 3 6
10 11 12 12
5 9 11 12
0 0 2 6
2 9 12 12
0 0 12 12
10 11 12 12
4 5 10 10
0 0 7 7
7 9 10 10
3 7 8 9
2 2 7 8
0 0 8 8
1 9 11 11
8 8 10 10
4 11 12 12
1 8 12 12
4 6 8 12
2 6 12 12
2 7 12 12
0 0 9 9
1 3 9 10
73 15
66 50 42 70 22 45 46 31 8 37 47 72 9 23 11 58 43 4 6 17 33 63 62 34 13 27 14 19 69 57 2 24 41 59 5 21 35 29 64 60 30 15 68 56 54 39 16 61 0 28 38 40 26 55 32 71 51 44 18 36 7 48 67 65 25 20 53 3 10 1 52 49 12
60 63 72 72
56 56 72 72
4 30 33 38
10 13 35 66
5 14 66 71
0 2 27 66
10 21 45 56
14 65 71 71
68 69 71 71
21 24 62 69
4 57 69 71
2 41 55 66
49 52 58 71
0 11 54 67
24 55 56 68
15 28
7 13 0 3 9 14 6 4 10 2 12 5 1 8 11
12 13 14 14
8 9 14 14
0 4 6 6
6 7 14 14
0 1 5 6
4 5 12 13
6 11 13 13
5 11 13 13
1 4 5 10
1 5 10 10
2 3 4 9
0 4 14 14
1 12 14 14
8 8 9 9
4 9 10 13
8 8 14 14
1 10 13 14
8 9 14 14
1 7 10 13
1 4 7 10
2 5 12 13
10 10 11 14
2 4 12 14
0 0 12 14
9 11 13 14
6 9 13 13
2 4 7 13
1 2 6 6
76 42
3 29 19 73 9 27 55 57 20 17 54 50 34 59 70 25 56 39 53 71 12 24 33 4 46 2 64 60 10 18 7 13 68 49 14 38 44 1 35 21 51 74 58 31 75 30 36 66 22 26 52 41 61 6 0 65 28 72 16 43 11 5 15 32 42 62 8 48 40 67 47 63 23 37 69 45
17 20 21 44
31 58 64 66
22 39 61 73
32 32 71 71
16 18 73 73
12 13 41 56
15 16 56 73
44 46 57 62
2 19 22 70
30 67 71 73
49 56 66 66
4 41 75 75
23 39 70 74
0 30 39 52
1 43 46 48
29 51 75 75
58 59 63 75
46 52 57 61
29 47 73 73
25 33 52 58
2 10 42 66
7 17 65 67
43 52 63 64
7 8 28 43
41 72 73 73
16 42 62 63
1 3 45 48
18 27 53 58
24 26 65 73
61 61 66 71
6 6 32 70
26 26 42 44
33 69 74 75
23 47 70 71
34 36 63 69
1 9 40 60
2 4 21 22
20 36 48 75
15 65 71 75
1 71 72 72
23 29 49 70
31 41 66 73
83 7
9 7 38 11 31 54 26 82 1 62 6 27 41 55 23 65 73 72 66 70 76 5 43 49 71 56 19 0 35 45 22 33 51 3 67 63 68 69 4 28 8 52 16 20 48 74 40 75 32 21 13 80 77 46 57 79 44 58 81 18 17 10 24 12 37 47 2 39 60 61 64 14 42 29 53 30 50 25 78 59 15 36 34
2 2 37 75
5 16 71 76
1 43 57 59
3 10 49 70
46 78 82 82
28 37 64 81
29 60 76 79
18 25
13 8 1 4 3 16 11 17 9 12 5 6 0 2 7 10 15 14
9 12 15 16
8 8 16 16
0 1 15 17
1 9 13 15
5 6 10 16
4 16 17 17
3 4 16 17
0 0 15 15
0 9 16 17
7 9 12 16
7 13 16 17
2 9 16 16
16 16 17 17
1 1 7 11
9 11 17 17
3 16 17 17
2 14 16 16
0 0 15 17
0 10 15 16
0 1 5 9
6 9 10 12
11 16 17 17
0 2 6 6
4 13 17 17
3 3 14 14
29 24
5 10 22 2 17 4 9 18 6 23 3 1 27 11 15 12 7 0 19 16 13 21 8 20 28 26 25 14 24
1 3 20 25
1 1 2 22
6 6 28 28
3 9 11 16
9 22 25 25
6 27 28 28
3 3 10 14
6 22 27 27
6 11 24 27
1 10 14 25
1 14 15 20
24 27 28 28
15 19 25 27
0 9 26 26
8 9 21 22
7 10 17 24
15 19 20 27
10 14 25 28
1 9 21 26
1 1 27 28
10 19 21 26
25 25 26 28
17 24 28 28
23 27 28 28
75 17
74 23 9 12 0 19 11 30 15 18 10 33 14 68 27 28 25 3 59 35 50 31 71 73 48 72 52 36 5 67 66 41 2 1 17 64 53 16 20 62 34 8 55 57 39 38 70 37 29 13 7 49 32 6 60 54 51 26 21 24 61 58 56 69 42 40 63 4 44 22 65 43 47 46 45
22 23 31 32
6 18 39 49
55 61 68 72
0 2 53 64
1 1 26 28
35 56 62 71
12 15 56 72
40 44 61 74
2 6 74 74
9 57 71 72
4 10 73 73
64 67 68 74
21 28 57 71
1 34 49 70
20 21 54 72
13 58 60 60
19 40 45 53
92 20
7 90 85 69 86 16 33 48 65 37 59 55 79 45 83 44 0 57 46 82 61 42 53 20 76 18 89 2 35 66 21 40 78 64 38 34 4 14 73 54 75 8 30 13 3 23 39 74 51 72 36 47 27 9 68 58 84 49 26 80 63 5 77 56 1 6 50 22 29 10 62 15 52 91 11 43 32 24 87 12 81 67 25 31 28 19 71 17 88 70 41 60
26 52 83 85
21 29 76 90
35 50 78 89
1 53 82 91
14 33 87 89
18 34 45 64
13 37 74 91
6 40 56 74
4 6 20 72
23 63 82 84
9 22 30 53
7 22 57 59
4 80 89 91
0 42 49 74
0 42 83 85
38 44 56 83
13 33 63 70
5 5 25 44
50 50 51 58
5 16 46 76
87 35
70 36 40 20 82 15 46 77 50 9 28 67 60 51 43 65 13 8 35 32 59 73 12 76 27 30 66 10 37 64 1 7 17 84 11 44 61 86 39 42 85 83 81 22 58 72 24 45 4 21 25 2 57 5 52 56 68 26 55 71 33 49 53 69 63 18 74 48 47 75 78 79 29 34 19 3 16 14 38 6 54 80 23 31 41 62 0
19 39 41 80
14 38 51 79
5 12 50 83
22 52 63 79
8 11 40 82
40 82 84 86
13 62 81 84
14 18 60 62
27 27 29 36
13 37 51 83
16 22 27 54
14 49 82 86
72 75 84 84
12 13 52 55
0 1 78 83
16 40 70 82
2 25 81 84
54 83 85 85
7 62 72 80
11 59 86 86
11 43 76 82
13 50 51 64
26 61 67 74
7 13 28 48
4 10 44 67
7 7 8 49
72 76 85 86
19 38 50 65
4 68 70 74
7 50 53 72
5 7 18 72
14 16 81 86
13 13 64 65
24 45 76 80
14 70 84 84
3 42
0 1 2
0 0 2 2
1 1 2 2
1 1 2 2
0 1 2 2
1 1 2 2
0 1 2 2
0 0 2 2
0 0 2 2
0 1 2 2
0 0 1 2
1 1 2 2
0 0 2 2
0 0 2 2
1 1 2 2
0 1 2 2
0 0 2 2
0 0 1 1
0 1 2 2
0 0 1 1
1 1 2 2
0 0 1 2
0 0 2 2
0 1 2 2
0 0 1 1
0 1 2 2
1 1 2 2
0 0 2 2
1 1 2 2
1 1 2 2
0 0 2 2
0 0 2 2
0 0 2 2
1 1 2 2
0 1 2 2
0 0 2 2
0 0 1 2
0 0 2 2
0 0 1 2
1 1 2 2
0 1 2 2
0 0 1 2
0 0 2 2
28 22
6 4 0 7 11 18 27 19 24 9 15 1 3 14 10 20 5 8 23 12 21 13 17 22 26 2 25 16
16 16 18 20
6 6 21 23
17 25 27 27
9 24 27 27
3 5 7 11
8 8 22 26
3 3 16 18
22 22 26 26
1 1 10 14
15 19 22 25
6 10 15 24
1 4 17 25
1 7 21 22
3 21 24 25
0 12 24 24
0 0 5 5
0 3 22 22
0 5 23 26
7 14 19 26
4 22 24 27
7 12 26 27
7 20 26 27
84 3
33 50 62 11 2 56 49 8 44 25 14 22 43 31 23 53 0 73 67 60 12 5 28 46 39 41 78 7 34 76 32 68 21 1 71 37 16 51 19 75 26 38 59 18 77 20 83 81 55 58 65 70 57 74 54 79 30 29 82 27 80 72 6 61 42 17 40 10 66 36 69 15 24 63 64 47 13 48 45 52 9 3 35 4
15 35 68 81
51 58 73 78
51 61 63 65
66 33
19 20 5 9 6 23 17 12 21 0 55 31 49 33 32 11 29 57 38 48 16 61 40 15 59 45 64 37 56 39 28 36 14 22 34 26 62 58 46 52 63 51 10 43 30 41 35 4 13 18 53 54 7 3 60 2 25 24 50 8 44 65 42 1 47 27
48 58 61 61
7 34 64 65
0 3 62 64
20 20 41 58
10 23 56 63
13 13 15 27
30 50 53 61
19 48 54 60
15 49 53 64
22 56 62 62
44 61 62 63
27 39 60 60
11 20 54 62
14 14 32 44
10 17 27 44
15 17 40 47
10 26 60 60
13 29 38 61
10 11 15 45
9 9 19 64
39 40 42 49
39 64 65 65
28 38 58 64
17 45 64 64
21 40 50 51
4 27 34 38
3 25 27 62
14 39 42 60
23 64 65 65
4 24 64 64
7 37 51 64
0 1 41 62
0 37 51 52
55 11
11 21 0 54 19 53 42 12 9 10 48 23 20 4 41 37 43 47 5 34 17 6 39 40 32 35 44 16 29 28 26 25 22 15 13 52 7 24 2 36 1 49 27 50 31 45 33 46 14 3 8 51 18 30 38
15 19 51 52
5 34 39 44
14 53 54 54
7 19 52 52
25 46 49 50
1 42 51 53
9 49 54 54
24 25 34 53
10 36 40 44
31 51 54 54
9 10 36 52
60 14
16 35 56 44 59 14 0 20 26 46 27 30 23 4 51 15 33 3 12 49 48 36 1 31 5 53 38 58 43 22 29 13 6 50 18 2 54 21 37 34 39 19 41 24 25 32 11 45 52 9 42 40 10 8 7 55 17 28 57 47
10 16 53 57
2 40 55 55
29 46 51 52
22 26 47 56
18 20 35 55
13 19 46 53
1 24 57 59
16 46 54 55
8 24 45 55
3 4 25 41
25 31 38 58
20 30 45 52
21 30 33 57
7 32 39 47
75 16
62 31 15 50 3 44 60 66 7 46 65 68 25 30 17 36 35 55 32 69 10 18 45 16 4 56 6 28 11 21 38 22 23 63 58 14 53 13 47 26 5 71 39 37 1 20 43 33 19 34 61 51 42 48 2 12 59 57 24 70 67 29 73 72 54 40 64 0 49 9 52 27 41 74 8
18 26 39 48
3 72 74 74
2 12 15 42
19 41 43 69
23 48 61 74
1 4 68 70
25 65 72 72
6 21 65 73
0 4 69 70
7 11 59 64
1 4 42 55
36 52 65 70
7 38 50 55
18 50 60 65
54 54 65 67
6 56 70 71
100 30
68 20 75 22 98 16 3 59 50 71 40 45 94 74 7 64 43 80 82 90 5 31 63 14 29 81 28 53 72 73 99 62 35 65 52 39 92 70 0 4 69 17 33 93 60 19 49 8 79 13 11 23 38 96 12 18 21 56 54 1 67 57 30 89 32 55 91 76 2 58 24 66 27 84 95 25 78 44 6 61 46 9 41 48 86 34 37 36 97 26 15 83 87 47 77 51 85 88 10 42
12 67 77 91
6 32 38 75
8 93 99 99
8 63 67 89
9 42 86 91
0 0 53 70
25 48 84 99
35 61 63 91
19 85 93 95
8 16 30 42
42 97 99 99
60 62 70 74
12 19 69 84
64 64 88 96
21 44 61 83
31 78 83 86
21 25 61 78
10 21 22 87
2 29 48 92
2 14 65 97
6 67 95 97
37 78 81 91
67 87 94 99
11 19 89 98
13 28 79 87
5 7 37 69
43 89 98 99
56 96 97 99
26 87 95 99
13 72 74 91
43 50
11 0 36 19 31 4 17 28 3 22 39 23 42 14 7 21 10 35 5 1 13 12 40 41 16 34 8 25 33 30 18 20 29 9 27 6 38 2 15 37 26 24 32
10 21 33 34
6 36 37 41
0 0 21 22
11 27 30 35
7 13 14 17
1 3 24 28
15 17 22 40
3 3 13 40
3 16 32 41
0 2 29 38
12 14 35 38
9 11 23 41
10 16 30 40
9 19 32 33
11 28 42 42
8 28 29 31
14 37 40 42
12 18 28 36
7 39 40 42
9 25 28 33
9 12 34 42
2 12 32 33
19 19 38 42
36 40 42 42
4 7 32 32
36 41 42 42
1 16 22 22
21 25 26 32
6 6 36 38
32 35 40 42
1 6 7 21
19 27 38 42
4 4 28 36
12 33 37 37
10 15 36 38
4 21 27 41
26 37 38 40
3 4 21 42
9 15 19 28
7 11 38 40
3 5 42 42
0 3 32 35
5 20 34 34
27 33 35 35
0 12 33 35
11 26 38 41
39 39 42 42
9 15 16 28
0 8 38 40
38 39 42 42
37 37
28 12 21 26 8 10 29 15 27 24 17 9 34 32 13 16 36 1 33 30 19 14 3 20 6 22 25 11 18 23 2 31 7 35 5 0 4
1 30 35 36
24 28 35 35
13 27 31 32
0 0 31 36
4 25 36 36
25 28 34 34
8 12 21 32
0 4 36 36
19 34 35 35
14 27 30 30
14 18 34 35
10 12 23 25
13 18 24 26
1 6 35 36
4 23 31 32
14 24 31 33
16 18 19 23
3 22 30 31
0 29 32 34
26 28 31 32
18 30 35 36
20 28 36 36
14 26 28 36
0 6 30 36
20 29 36 36
6 14 23 34
4 5 19 23
20 34 36 36
2 9 20 33
6 13 29 31
8 9 22 26
0 0 34 34
5 10 19 33
14 17 18 22
20 26 34 34
2 3 35 35
13 18 32 36
86 18
41 24 33 55 39 59 25 83 15 64 11 75 32 30 71 44 6 12 61 40 22 20 49 43 78 66 46 16 18 74 65 53 19 58 28 73 77 76 7 36 56 45 42 51 10 9 81 34 14 31 62 84 13 3 52 29 57 35 85 38 26 8 2 27 72 67 17 0 5 23 80 79 1 69 21 63 82 47 4 54 68 48 70 50 60 37
12 53 75 83
16 26 29 52
1 46 48 75
26 33 64 66
0 39 67 69
16 31 48 69
44 69 73 80
6 21 75 85
42 81 83 83
18 45 50 76
34 58 74 74
5 12 58 70
11 67 77 81
0 1 26 68
27 77 81 85
29 48 49 70
21 45 68 84
24 46 71 75
84 37
5 33 71 40 67 54 7 27 50 25 73 79 39 3 83 34 65 48 31 13 32 20 36 57 0 51 19 35 80 12 14 47 56 42 63 26 1 46 61 23 38 10 70 17 52 60 43 28 49 75 45 2 78 22 81 16 68 4 8 44 59 30 29 18 21 37 41 24 11 53 74 69 15 9 76 6 58 72 66 64 55 82 62 77
0 0 68 80
9 77 81 83
21 73 79 79
5 44 46 82
33 77 78 79
18 30 46 59
16 24 59 76
11 39 59 66
74 82 83 83
2 7 78 79
6 6 48 69
8 11 65 81
0 1 45 49
16 17 52 65
21 45 61 66
3 12 43 65
12 13 31 67
0 3 18 39
0 8 11 20
3 62 76 78
4 11 51 53
9 40 60 75
0 38 65 83
21 77 81 81
12 38 54 60
4 7 16 42
50 65 78 78
9 24 60 75
2 25 74 83
49 53 70 72
40 82 83 83
10 31 38 43
7 27 61 72
0 2 21 22
13 67 81 81
35 62 74 75
0 18 56 57
86 39
57 53 20 35 4 65 33 11 14 26 15 42 63 7 49 45 52 60 34 44 68 21 23 38 41 56 77 59 28 69 46 9 36 43 75 3 79 71 73 6 85 5 67 64 25 72 55 8 1 76 83 30 48 13 40 0 70 31 16 66 12 2 19 10 80 47 29 54 24 51 32 61 78 18 58 37 74 62 22 17 82 27 81 50 84 39
6 16 45 85
20 64 75 76
3 26 57 75
6 51 83 84
1 23 50 58
66 80 84 85
55 76 78 85
14 32 48 51
24 80 83 84
10 41 47 77
11 17 42 62
10 25 62 75
57 64 72 72
32 36 65 77
68 82 84 85
2 6 57 64
22 76 82 84
29 33 85 85
14 16 74 84
0 48 84 85
31 34 52 71
10 46 62 64
0 8 12 45
33 34 48 66
21 24 83 83
61 61 72 76
0 2 37 62
20 46 64 65
6 8 75 79
2 4 26 35
25 79 80 81
8 28 47 52
37 64 75 77
13 18 60 67
1 4 65 73
10 34 64 71
2 71 80 81
11 26 53 57
71 78 80 82
76 8
37 26 62 67 60 51 35 0 54 20 31 40 38 32 33 46 75 1 43 18 45 8 44 19 53 21 7 42 71 10 6 30 13 56 47 39 73 11 9 15 65 27 74 24 41 72 49 25 28 70 64 16 57 36 22 61 68 23 4 52 17 3 59 5 2 12 50 55 14 69 29 58 48 66 63 34
55 73 74 74
61 70 71 75
33 67 68 75
50 70 75 75
0 1 73 75
7 27 36 72
11 45 61 71
4 24 54 73
67 19
19 22 51 5 45 8 14 36 64 48 55 13 61 63 28 59 12 16 52 62 3 23 58 6 11 49 0 4 29 40 1 2 15 27 17 57 26 47 9 32 34 31 39 20 42 46 41 44 43 37 66 53 7 35 25 18 60 50 24 21 38 56 30 65 10 33 54
0 0 36 38
1 23 55 57
10 11 30 44
35 37 61 63
1 26 50 64
15 35 44 46
12 18 58 61
42 42 50 54
5 5 8 14
12 21 66 66
32 61 66 66
0 0 46 66
14 19 48 51
12 27 56 58
3 28 47 55
23 23 32 40
0 4 18 46
35 65 66 66
8 13 62 66
57 19
10 27 51 9 16 14 44 29 31 40 53 8 33 50 17 54 28 45 12 52 13 18 5 25 6 37 1 32 4 56 2 3 38 55 43 24 41 26 35 19 46 7 23 39 42 20 11 36 0 34 49 21 22 47 48 30 15
3 53 55 56
0 8 43 56
3 20 47 47
17 23 36 46
2 36 56 56
7 9 44 51
5 20 41 43
8 55 56 56
2 15 21 32
16 36 40 41
13 21 55 56
31 40 54 54
5 5 23 46
18 31 38 54
13 18 21 46
39 44 50 54
1 11 41 42
22 23 37 53
17 21 53 55
64 6
6 9 52 44 30 62 34 54 63 10 12 53 39 11 60 51 42 50 47 20 2 32 33 58 0 27 19 40 7 49 55 61 15 48 22 57 31 16 1 17 28 26 37 45 8 38 35 23 41 25 4 18 3 46 14 13 5 43 29 36 56 24 59 21
28 59 61 62
20 27 41 52
9 61 63 63
14 23 44 58
19 23 51 63
3 35 43 54
85 24
54 51 9 74 69 12 11 22 48 28 68 13 4 41 62 10 31 24 42 76 40 2 61 70 7 23 63 83 20 33 19 27 56 26 84 57 77 81 0 16 21 29 1 58 36 45 71 53 38 73 43 67 5 64 34 44 75 50 55 49 80 14 18 15 32 39 60 8 59 52 78 17 30 46 82 65 47 6 37 3 35 72 79 66 25
40 59 64 74
4 64 66 83
1 2 48 57
21 54 77 83
53 59 64 82
4 10 11 46
27 61 68 70
31 40 78 79
32 32 57 83
17 22 48 50
4 21 34 57
5 74 84 84
3 13 82 82
13 54 82 83
8 43 59 75
26 33 77 82
9 34 51 78
7 46 57 76
25 67 84 84
7 22 75 84
65 79 82 84
53 54 73 82
4 5 84 84
57 81 83 84
96 12
4 3 16 27 9 43 26 40 76 50 18 42 65 1 90 11 39 60 31 70 73 62 84 29 0 79 68 87 66 13 69 52 91 71 74 2 19 81 44 34 22 49 64 92 15 83 55 6 53 58 59 86 38 45 85 33 28 57 30 47 14 61 8 17 95 7 89 24 51 78 35 12 72 5 25 48 54 10 36 88 21 63 37 75 77 23 82 94 32 80 56 67 41 93 46 20
14 78 91 91
35 56 61 66
7 12 63 65
4 6 79 85
32 78 93 94
47 92 94 95
13 23 94 94
1 1 80 95
16 18 61 89
2 2 67 73
2 7 84 87
34 39 44 89
47 35
39 13 46 0 36 7 14 23 11 32 2 27 41 40 21 45 10 24 35 12 26 17 31 38 33 30 18 5 44 37 43 29 16 6 34 19 28 8 15 1 9 20 4 3 42 25 22
4 4 38 42
11 23 25 26
13 24 40 42
4 13 15 43
6 17 34 41
23 35 39 41
18 21 25 46
4 4 11 29
2 18 29 35
0 18 38 43
0 17 18 34
5 6 17 33
15 31 34 34
29 34 40 43
15 33 38 38
17 37 40 45
13 20 31 32
4 13 24 36
8 17 24 26
9 45 46 46
40 40 45 46
17 39 42 46
33 35 42 46
10 13 32 44
1 6 8 38
0 27 40 40
22 45 46 46
2 12 37 37
0 16 25 31
19 32 40 43
7 45 46 46
2 2 32 37
12 14 17 38
5 21 34 36
19 22 25 27
8 19
1 6 5 0 4 3 2 7
0 2 3 4
2 2 3 7
0 0 7 7
1 5 7 7
0 6 7 7
1 1 6 7
0 3 7 7
0 1 7 7
1 2 5 6
1 2 5 7
1 3 4 5
3 5 7 7
0 4 7 7
6 6 7 7
1 1 6 6
0 0 3 5
1 4 5 7
5 6 7 7
1 2 7 7
17 5
11 7 13 16 8 15 10 4 2 1 3 14 5 9 12 0 6
0 0 5 16
0 0 5 14
4 7 11 11
7 15 16 16
11 12 14 15
31 28
10 13 18 0 16 26 20 2 14 21 5 7 23 3 29 4 30 8 22 27 12 15 17 11 19 24 6 28 25 9 1
2 21 24 27
3 11 14 27
12 18 25 30
4 7 22 28
1 2 9 20
3 11 14 16
5 7 13 17
1 9 16 25
4 24 26 28
4 4 6 16
13 14 23 30
0 0 24 30
3 20 25 25
12 28 30 30
12 15 30 30
4 7 16 25
1 2 9 28
1 6 27 27
1 1 30 30
1 13 19 24
12 21 22 24
10 15 26 27
3 9 10 25
13 17 27 27
3 6 22 23
15 24 30 30
16 16 25 25
13 25 26 30
98 25
68 22 46 40 92 72 69 43 81 80 31 41 3 25 61 36 15 62 93 97 95 85 52 76 64 42 91 87 4 24 45 9 33 70 56 32 26 83 51 96 14 60 35 89 16 82 58 34 67 18 6 30 71 50 44 5 37 55 47 66 59 8 86 75 12 38 49 11 10 1 2 23 53 13 20 57 65 28 48 63 78 29 21 19 77 17 84 7 88 90 0 74 54 39 94 73 27 79
2 6 18 44
24 36 92 94
24 50 67 86
11 45 64 75
20 22 61 75
8 70 78 85
82 92 97 97
34 38 58 93
28 42 90 94
4 4 53 82
13 14 96 97
1 1 5 39
6 8 74 74
9 47 81 90
4 61 90 94
16 88 94 97
39 54 68 69
12 22 57 77
4 5 70 97
8 10 73 85
51 81 93 97
34 59 72 95
7 9 49 92
28 82 97 97
5 56 90 90
76 43
6 72 41 64 12 60 27 56 69 68 66 20 29 24 42 61 44 51 25 30 63 49 10 73 34 47 53 0 50 21 40 39 3 57 13 75 11 45 15 33 19 65 35 62 28 71 74 5 58 37 59 1 48 32 18 67 70 17 26 36 8 2 9 52 22 16 46 31 14 38 55 4 54 7 23 43
0 1 40 51
0 0 54 55
4 66 73 75
0 1 31 59
10 44 55 73
18 66 70 75
18 64 73 74
59 70 74 75
1 18 40 69
39 51 52 62
10 14 66 69
29 67 69 73
45 61 70 70
6 63 65 69
10 24 46 46
15 70 75 75
27 44 73 75
1 44 67 72
0 5 73 73
5 26 27 66
50 74 75 75
16 32 51 53
40 41 47 60
30 35 45 56
6 10 33 67
0 0 68 71
18 62 67 70
34 44 72 74
19 43 55 67
28 65 67 74
0 0 51 55
3 3 24 69
14 38 71 73
20 25 71 73
15 18 33 62
17 46 74 74
48 59 75 75
2 32 74 75
33 68 69 70
26 41 46 46
12 23 31 34
38 45 57 63
4 39 48 51
26 50
4 8 18 2 25 17 0 16 14 13 7 6 1 19 21 20 24 10 11 15 12 9 3 23 5 22
1 11 16 16
14 17 23 25
1 8 13 20
0 3 17 19
19 22 25 25
8 8 22 24
2 3 8 19
8 9 22 25
11 22 25 25
12 14 20 24
4 6 24 24
3 9 11 12
1 1 11 25
14 21 24 25
6 13 20 24
0 6 19 20
0 15 18 24
11 12 24 24
17 19 24 24
13 23 24 24
1 1 16 18
6 8 12 17
18 21 24 25
11 20 25 25
21 23 25 25
4 5 18 21
10 20 21 22
2 3 12 25
6 7 25 25
3 12 24 24
8 23 25 25
0 10 18 19
8 17 25 25
2 3 14 21
4 7 19 22
10 23 24 25
5 10 12 22
2 8 24 25
17 24 25 25
19 24 25 25
9 18 21 23
13 24 25 25
20 24 25 25
3 3 12 22
1 6 22 22
14 18 25 25
10 22 23 25
7 17 21 22
4 9 14 14
0 9 24 24
82 40
6 63 53 61 25 66 3 38 45 43 81 67 37 42 7 34 54 2 44 5 20 49 9 46 26 4 23 77 0 73 18 27 21 78 15 62 74 68 39 31 12 14 28 70 40 56 75 80 51 36 17 58 50 65 19 57 10 60 30 32 13 55 48 29 41 22 16 72 69 52 47 8 11 24 59 76 33 71 79 1 35 64
14 61 80 80
20 35 75 78
43 79 81 81
6 10 71 74
26 46 60 67
51 62 69 71
0 12 61 80
4 6 54 67
2 5 49 81
6 14 66 77
31 48 55 56
10 66 76 76
7 26 73 76
1 78 79 81
10 58 67 71
29 80 81 81
26 42 64 74
8 10 13 74
2 31 70 72
29 76 78 78
8 18 39 67
6 28 36 63
5 65 74 79
4 4 45 63
11 31 39 54
7 7 36 61
8 10 26 34
38 62 66 77
0 3 23 62
10 17 32 70
3 4 78 80
7 55 70 77
13 48 55 62
10 28 34 35
41 68 69 81
40 80 81 81
20 69 81 81
11 31 58 63
22 30 60 80
16 38 65 67
49 16
45 39 13 11 34 4 42 47 33 35 30 46 15 1 24 32 5 43 19 18 3 2 37 40 6 9 27 28 25 31 21 16 0 44 10 38 17 7 23 29 48 12 14 41 36 8 26 22 20
32 32 46 47
14 27 41 44
9 30 45 45
4 45 47 47
11 42 45 45
1 5 39 42
0 0 7 29
8 14 17 17
31 38 47 48
12 40 44 47
12 13 38 38
5 16 46 47
2 27 42 45
19 28 48 48
19 32 39 48
28 37 45 48
78 44
34 42 52 11 58 13 41 75 62 43 73 31 9 61 3 76 72 44 38 25 4 1 64 35 16 17 32 2 30 5 28 8 15 0 66 46 18 19 56 51 22 77 70 29 27 33 10 7 12 23 47 55 50 37 39 20 67 49 24 57 59 36 65 48 68 26 69 21 63 45 74 40 14 54 6 71 60 53
40 48 60 62
20 22 38 63
5 29 63 64
36 45 72 72
11 47 54 55
35 39 68 71
0 2 50 70
1 52 70 70
46 54 66 74
6 27 58 76
28 29 33 48
0 1 6 34
0 2 67 75
27 30 76 77
0 0 72 76
64 76 77 77
18 64 66 74
15 15 50 60
6 32 77 77
24 30 61 62
0 26 58 63
20 31 61 62
35 63 67 77
24 56 67 76
0 2 59 67
54 59 73 76
31 31 46 73
4 4 51 68
0 21 67 68
7 37 58 69
3 7 74 77
1 13 77 77
9 42 71 75
24 24 63 68
36 46 50 74
29 56 76 77
2 38 50 71
8 73 74 76
23 30 64 66
20 44 54 59
1 52 58 70
17 24 69 74
0 3 42 58
34 39 57 59
42 46
38 9 2 27 7 14 40 29 10 23 1 25 26 19 16 18 32 15 31 33 39 34 35 11 21 30 12 0 4 36 37 24 28 5 17 22 6 20 41 3 13 8
10 33 39 40
19 38 41 41
0 0 30 37
1 1 17 35
10 25 33 39
0 34 35 40
15 22 40 41
17 29 33 39
3 23 35 37
11 19 41 41
6 16 21 37
0 20 30 34
20 23 35 37
0 0 5 25
4 40 41 41
3 27 30 41
8 27 35 41
32 37 40 40
2 11 20 41
3 4 26 29
11 34 38 38
2 6 24 30
22 35 37 37
13 30 31 37
28 34 39 40
3 7 10 39
32 38 41 41
0 0 39 41
5 11 40 40
10 26 35 40
6 33 36 36
0 17 22 25
3 10 27 35
29 30 35 36
17 22 26 32
34 37 41 41
9 12 16 19
8 13 14 28
4 12 30 34
9 34 41 41
6 26 34 35
18 31 39 39
3 38 39 39
29 33 40 40
29 37 39 41
12 35 37 37
14 33
3 1 4 12 6 2 8 5 0 9 7 11 10 13
0 7 11 12
0 0 6 11
0 8 13 13
4 8 9 13
0 8 9 12
8 11 12 13
8 12 13 13
0 3 6 6
2 2 11 11
1 11 12 12
8 11 13 13
7 8 12 13
0 3 6 10
7 8 13 13
6 6 8 8
2 2 11 13
0 0 13 13
4 6 10 10
1 1 8 12
8 10 13 13
0 10 12 12
1 8 11 12
2 7 12 12
3 10 12 13
8 11 13 13
5 5 8 12
4 5 6 10
0 1 4 7
5 5 6 8
0 2 11 13
1 1 4 5
2 5 9 13
5 6 12 12
73 44
19 28 63 58 39 22 37 7 68 55 0 49 2 23 33 9 15 32 13 6 12 72 35 31 38 61 5 21 51 10 30 4 69 56 71 57 29 70 60 43 27 20 26 8 36 53 17 44 64 66 65 54 42 11 41 46 3 59 16 52 47 1 50 45 62 14 24 48 25 34 40 18 67
14 18 52 64
6 15 63 71
1 31 48 65
7 64 68 68
19 38 56 69
20 23 40 51
2 21 36 52
54 55 66 67
14 36 52 63
21 40 41 48
1 8 41 49
0 15 64 69
0 18 41 54
2 5 65 65
16 54 65 67
6 64 68 68
15 33 66 66
18 48 63 63
22 39 54 67
1 1 48 48
3 9 56 56
1 11 72 72
5 31 71 72
34 60 67 71
23 48 54 56
24 38 41 56
27 65 67 69
2 2 64 69
14 17 48 62
16 25 70 72
32 34 44 44
5 38 57 61
3 5 50 63
6 16 53 61
23 66 70 71
0 10 40 47
0 1 13 33
3 30 55 65
35 51 66 69
42 57 58 61
24 48 65 68
43 57 62 65
3 7 37 72
6 19 36 61
66 21
54 8 41 64 22 37 4 32 12 29 39 20 61 27 17 11 56 5 15 2 53 49 57 21 7 46 52 13 44 18 65 59 34 62 43 42 48 31 19 58 1 51 9 30 16 10 35 38 45 50 55 0 14 25 6 63 36 26 24 28 47 3 40 60 33 23
40 53 58 59
21 30 40 61
24 28 56 60
10 16 24 56
10 11 37 37
21 30 64 64
14 14 64 64
14 23 30 63
4 4 48 59
30 48 55 60
25 54 62 63
20 51 57 58
38 64 65 65
2 3 7 26
13 23 61 65
0 13 29 65
0 4 61 63
26 62 63 63
10 17 43 44
4 7 34 55
2 10 43 52
58 27
9 51 49 31 4 6 37 14 7 15 21 0 26 24 5 55 19 28 29 47 1 12 22 34 56 23 48 39 42 2 11 13 43 54 38 18 3 33 35 25 20 16 32 46 45 27 30 50 8 52 53 36 10 41 57 44 40 17
14 24 39 49
8 29 30 56
6 28 54 56
36 40 43 49
18 25 29 43
13 15 53 56
29 29 46 51
0 4 26 53
34 44 54 57
4 21 52 57
24 28 33 51
16 18 26 29
7 8 18 50
10 17 44 49
15 32 35 42
9 18 35 40
38 38 43 48
2 7 37 39
6 10 45 46
28 37 46 54
0 1 36 55
11 55 56 56
17 32 52 57
29 43 53 55
14 49 56 57
9 40 56 56
0 3 12 27
49 6
37 8 33 36 41 35 12 22 17 11 13 14 32 47 20 2 40 7 44 23 4 15 16 46 48 5 26 43 34 10 21 0 45 18 25 6 9 24 30 42 29 19 31 39 3 27 1 28 38
17 39 48 48
1 36 48 48
6 7 22 47
21 40 42 46
11 30 47 47
4 42 48 48
2 14
1 0
0 0 1 1
0 0 1 1
0 0 1 1
0 0 1 1
0 0 1 1
0 0 1 1
0 0 1 1
0 0 1 1
0 0 1 1
0 0 1 1
0 0 1 1
0 0 1 1
0 0 1 1
0 0 1 1
62 32
15 46 13 11 27 18 28 12 35 39 16 41 5 59 21 4 55 10 26 57 6 31 42 54 29 49 51 22 33 61 30 32 56 25 45 20 14 43 44 53 52 50 38 40 47 34 1 8 24 37 58 23 0 19 48 60 2 9 36 7 17 3
2 2 25 55
19 38 54 60
18 48 61 61
21 32 53 59
14 14 46 55
12 18 22 52
17 21 26 58
46 60 61 61
17 45 56 58
53 57 59 59
9 31 32 38
1 8 33 54
0 2 50 55
24 43 45 52
29 39 58 59
2 14 54 58
14 28 60 61
1 11 28 46
12 50 51 56
34 35 61 61
36 53 59 59
34 43 60 60
24 41 56 60
1 31 46 61
26 56 60 60
4 31 45 57
32 36 38 39
7 16 56 57
27 50 52 61
2 12 38 43
19 38 46 58
21 23 47 52
44 38
30 20 7 16 35 38 37 25 5 34 31 0 33 43 22 26 21 39 27 10 1 18 15 24 2 41 32 28 19 42 6 23 40 29 12 13 36 14 9 8 11 3 4 17
8 10 17 42
22 22 33 43
8 17 28 43
19 19 30 34
11 35 41 43
11 31 35 37
36 40 43 43
13 24 29 34
4 10 15 27
8 15 26 41
3 8 40 42
1 2 27 41
4 11 25 29
0 3 36 43
21 35 41 42
19 27 35 38
10 15 31 41
1 3 33 33
18 40 42 42
16 38 43 43
4 4 9 39
5 13 38 41
9 9 10 41
15 16 21 30
0 6 41 43
2 30 31 43
9 30 35 37
0 1 23 40
24 28 32 37
8 11 37 38
4 4 43 43
22 33 36 40
6 25 31 32
0 38 39 39
0 6 38 40
13 36 43 43
0 0 13 19
6 9 38 43
5 50
0 4 2 1 3
1 2 3 4
3 3 4 4
1 1 2 4
1 3 4 4
1 1 2 4
2 3 4 4
0 0 1 4
2 3 4 4
1 2 3 3
1 2 3 4
2 3 4 4
1 2 3 4
3 3 4 4
0 3 4 4
1 2 4 4
0 0 2 2
2 3 4 4
0 1 2 2
1 1 4 4
3 3 4 4
2 2 4 4
0 0 4 4
1 3 4 4
1 3 4 4
0 0 4 4
0 3 4 4
0 1 4 4
0 0 1 1
0 2 3 3
2 2 4 4
2 3 4 4
0 2 3 4
1 3 4 4
1 3 4 4
1 2 3 4
0 1 4 4
0 1 3 3
0 0 2 3
1 2 4 4
3 3 4 4
2 2 4 4
0 2 4 4
0 0 4 4
0 2 3 4
0 1 2 3
0 0 2 2
0 0 2 4
1 1 4 4
3 3 4 4
0 3 4 4
68 15
28 33 15 3 29 48 55 53 63 0 49 19 23 66 24 16 45 62 44 9 37 61 11 39 20 57 25 14 47 10 13 42 46 64 56 7 35 22 8 38 50 60 52 5 2 43 58 32 40 54 21 1 34 36 26 65 31 18 6 67 17 59 41 30 27 4 51 12
11 11 51 61
12 65 66 66
9 10 62 67
7 13 59 63
11 50 61 67
18 22 47 50
1 11 63 64
20 37 52 64
24 31 52 58
5 49 50 50
0 43 48 49
16 28 56 66
1 5 23 36
17 35 67 67
14 29 50 56
65 43
10 34 46 17 57 41 30 28 9 64 40 52 38 21 35 55 13 22 14 27 19 24 0 44 16 25 18 23 42 60 33 2 58 50 53 1 43 8 49 5 48 20 45 39 4 37 12 6 47 61 26 62 15 3 31 51 11 59 54 7 36 29 56 63 32
26 31 40 45
20 22 32 57
51 58 60 63
7 11 54 59
25 34 47 54
1 1 25 28
10 35 37 45
35 60 64 64
2 26 43 60
11 35 59 63
16 32 45 62
4 60 61 63
53 63 64 64
8 33 58 61
8 26 64 64
8 40 41 58
41 51 56 59
30 39 58 63
37 51 63 64
17 19 34 42
0 40 53 63
15 18 42 47
16 60 63 63
15 17 37 60
17 18 55 63
50 57 62 64
5 22 51 59
5 9 48 48
22 33 41 59
15 38 55 61
53 57 58 61
15 51 52 53
22 32 46 52
31 50 58 62
2 2 5 34
2 15 42 55
24 36 43 54
0 2 26 33
15 17 54 54
36 39 51 63
2 2 11 63
33 47 55 55
9 14 36 52
59 12
32 7 26 45 38 52 21 25 0 42 15 36 39 31 8 27 51 6 17 13 22 57 10 44 18 53 19 5 14 9 50 20 56 24 3 30 43 4 1 58 54 55 16 2 33 29 11 23 49 40 41 34 35 37 48 28 47 12 46
12 37 46 52
6 49 51 56
32 43 55 58
3 12 52 57
18 39 44 57
13 23 50 53
9 37 45 45
1 29 32 40
37 56 57 58
25 49 57 57
40 51 58 58
6 16 40 52
49 4
41 35 0 30 12 16 19 31 40 11 17 38 2 26 18 29 39 1 25 13 23 36 5 42 46 33 15 4 22 37 24 45 28 20 7 43 47 3 21 34 10 8 27 6 44 9 14 32 48
1 9 12 45
20 26 34 36
8 33 40 40
0 6 16 48
27 2
17 5 21 24 1 12 4 23 8 15 7 9 3 18 19 16 14 22 10 20 26 25 11 2 13 6 0
4 14 18 26
3 12 17 24
93 1
15 51 45 58 83 11 37 39 40 12 44 76 49 24 31 86 14 57 6 3 84 20 55 66 53 61 50 67 73 32 75 81 54 5 18 64 60 33 2 19 78 10 87 91 72 74 68 35 62 47 13 46 22 28 36 42 70 29 56 1 17 89 26 30 65 63 41 69 48 34 38 25 88 85 71 43 4 79 92 80 52 59 16 7 0 23 9 82 21 27 77 90 8
25 30 76 79
7 24
3 6 4 2 1 5 0
2 3 5 6
1 5 6 6
2 3 6 6
2 2 6 6
3 5 6 6
0 3 4 5
0 0 4 6
5 5 6 6
0 0 5 6
0 1 5 6
2 5 6 6
0 4 6 6
1 3 5 6
4 4 6 6
5 5 6 6
0 2 4 6
0 2 5 5
4 4 5 5
2 2 3 6
0 1 5 5
0 3 5 5
0 2 5 5
0 2 6 6
4 4 5 6
36 32
35 27 5 29 8 28 16 7 23 26 11 33 22 24 18 15 2 19 25 34 4 0 6 9 31 10 21 17 32 12 13 1 3 14 30 20
0 0 33 35
25 30 32 32
15 16 35 35
4 12 18 35
14 14 33 35
24 25 31 34
2 32 35 35
5 13 30 34
19 31 34 35
1 2 16 17
2 15 22 35
3 23 25 30
1 3 15 31
0 0 22 30
1 1 4 22
16 29 33 35
1 3 5 23
1 28 33 35
1 30 31 35
8 11 28 28
7 22 26 28
4 20 35 35
12 32 33 34
0 1 9 25
3 10 28 31
5 25 34 34
19 19 24 28
11 30 31 33
0 29 31 33
0 11 17 31
18 26 32 33
1 4 7 22
3 41
1 2 0
0 1 2 2
0 0 2 2
0 1 2 2
0 1 2 2
1 1 2 2
0 0 1 2
0 1 2 2
1 1 2 2
0 0 1 2
0 0 1 1
0 1 2 2
0 0 2 2
1 1 2 2
0 0 2 2
1 1 2 2
0 1 2 2
1 1 2 2
0 1 2 2
1 1 2 2
0 0 2 2
1 1 2 2
0 1 2 2
0 0 2 2
0 0 2 2
0 0 1 2
0 1 2 2
0 0 2 2
1 1 2 2
0 1 2 2
1 1 2 2
0 1 2 2
0 0 1 2
0 0 2 2
1 1 2 2
1 1 2 2
0 0 1 2
0 0 1 1
0 0 2 2
0 0 2 2
0 0 2 2
0 0 1 2
90 31
0 69 72 40 4 52 5 19 50 2 78 13 41 43 14 31 75 46 76 34 60 81 35 68 85 73 36 87 58 77 49 18 44 15 45 83 22 29 24 11 61 64 65 26 12 20 25 63 88 89 30 48 27 84 23 79 71 6 42 51 21 66 57 8 16 70 54 59 56 47 1 38 67 17 10 3 86 80 53 62 82 39 37 28 9 7 32 74 33 55
37 49 53 76
20 50 51 71
13 27 54 58
17 25 50 77
6 34 36 63
8 35 51 79
4 40 81 84
47 65 88 88
20 39 50 52
32 45 88 89
2 4 22 45
14 41 72 84
16 60 89 89
13 46 63 84
13 14 58 84
4 44 67 86
25 31 38 42
71 75 82 86
7 10 17 32
27 59 76 77
63 70 88 88
0 0 16 67
53 69 86 89
11 38 59 89
1 6 8 62
15 26 65 81
75 85 89 89
42 58 72 85
54 73 80 89
19 59 84 85
2 17 74 87
35 17
0 14 3 28 33 5 12 27 4 19 22 25 13 15 20 11 10 23 16 7 32 21 2 1 17 29 8 24 31 6 18 9 34 30 26
6 29 31 34
21 24 33 33
8 20 24 34
4 17 26 32
2 12 34 34
10 32 34 34
2 2 31 33
6 6 30 30
9 12 22 30
0 8 29 31
15 21 22 26
4 5 16 20
32 32 33 34
0 0 32 34
11 27 31 32
15 17 19 26
22 27 28 29
78 19
38 43 62 40 64 47 66 1 32 75 77 2 50 13 37 15 35 67 45 76 74 12 44 58 21 39 42 41 55 19 17 0 33 52 31 5 6 65 46 54 8 61 28 16 20 26 24 57 3 4 25 68 73 70 7 53 69 11 27 71 56 23 60 34 48 29 14 18 10 51 49 36 72 22 9 30 63 59
47 61 77 77
38 42 65 68
13 25 42 72
17 30 52 59
15 28 73 74
3 10 29 30
30 56 72 77
63 68 73 76
4 8 48 74
3 32 66 66
32 58 65 77
7 11 40 63
46 47 51 59
8 50 61 74
33 44 68 73
12 19 42 45
6 61 75 76
20 22 56 63
27 27 64 75
88 13
40 58 66 33 82 32 37 35 55 54 87 47 36 65 28 39 5 17 42 72 20 26 69 34 76 84 70 25 61 6 53 74 77 1 18 49 15 11 73 59 46 31 43 60 62 24 4 81 79 51 21 64 38 30 41 50 86 10 19 67 75 0 29 83 8 78 68 80 9 48 23 56 44 3 16 45 13 14 63 12 71 27 52 22 85 7 57 2
13 27 87 87
5 15 76 82
75 82 83 85
64 67 81 81
33 51 73 80
23 35 85 85
7 31 46 87
4 7 38 85
7 84 87 87
21 38 47 60
2 56 70 73
7 13 72 74
5 46 72 80
38 47
25 36 31 27 32 1 15 6 22 20 8 19 23 30 28 9 34 37 11 18 16 12 7 35 24 21 2 0 4 5 26 29 10 3 13 17 14 33
6 13 15 36
15 31 34 36
2 2 34 36
5 7 14 25
8 15 36 37
7 7 21 33
0 24 34 37
2 3 8 22
7 12 25 36
1 33 34 34
26 30 31 32
9 16 17 24
13 25 34 36
21 24 25 31
7 18 25 37
8 28 31 33
20 26 34 36
8 10 15 36
1 15 16 30
3 26 32 35
15 29 32 35
0 1 35 35
24 32 33 36
7 7 18 19
4 29 34 36
20 35 36 37
19 23 32 35
8 23 34 35
7 14 15 25
13 28 37 37
7 23 31 33
3 3 35 35
26 33 37 37
3 4 13 21
2 26 35 37
11 20 36 36
0 0 19 29
0 1 32 33
0 9 28 28
27 35 36 37
4 26 31 33
20 27 34 36
8 23 25 35
15 19 33 36
6 21 24 31
9 32 34 36
4 27 30 34
48 32
35 43 20 19 3 9 36 33 28 37 5 10 42 32 7 0 11 4 41 12 13 22 38 16 6 2 15 24 45 40 34 30 18 14 39 46 44 31 1 29 26 17 21 27 8 25 47 23
15 30 34 47
0 16 23 35
40 40 46 46
0 11 12 29
15 42 47 47
0 44 46 47
1 29 37 47
15 20 36 38
6 46 47 47
29 43 46 46
2 3 37 38
6 10 19 46
3 5 18 34
17 23 37 47
0 3 6 42
0 46 47 47
1 1 34 40
23 23 35 45
22 26 43 47
1 2 21 29
11 21 46 47
6 9 18 41
23 30 31 32
7 8 36 44
2 5 19 23
5 10 16 28
3 8 44 46
43 45 47 47
15 27 44 47
16 26 39 44
14 33 42 46
7 12 16 37
75 26
68 3 66 22 48 72 58 49 73 59 28 35 46 12 31 43 55 8 0 34 37 41 53 54 24 16 64 42 7 67 69 65 6 38 62 18 17 11 14 21 51 30 52 13 39 10 70 20 2 19 47 1 26 4 23 9 63 5 45 36 50 44 15 27 57 29 61 56 32 25 33 74 60 40 71
17 24 28 53
58 73 74 74
24 42 63 68
32 71 74 74
3 4 11 64
24 28 69 70
27 40 45 57
3 6 19 47
44 49 70 74
9 41 61 64
5 12 53 64
43 61 69 74
8 58 68 69
24 53 66 73
13 13 22 38
0 25 53 74
8 23 50 64
53 65 68 73
9 14 24 42
25 28 57 71
18 40 65 73
6 19 70 71
32 39 40 53
9 11 56 68
2 7 49 49
18 22 72 74
85 20
57 41 52 70 82 54 76 15 75 59 27 21 46 63 37 78 65 39 8 71 31 33 18 53 32 0 45 80 58 55 12 20 43 72 60 22 44 5 29 11 61 17 68 69 16 81 74 19 51 13 62 56 40 73 30 7 34 2 9 79 83 25 84 42 1 6 26 77 47 28 3 10 66 48 4 24 64 35 67 14 23 49 36 50 38
33 80 83 84
2 15 71 72
5 59 81 82
1 22 76 83
17 78 79 84
4 24 65 65
23 41 63 69
11 30 65 84
2 3 6 15
1 4 24 38
0 0 68 81
37 59 78 83
22 22 44 63
48 58 75 79
15 28 57 65
41 44 65 74
9 83 84 84
27 67 71 78
5 10 26 37
3 3 40 75
34 45
11 32 22 15 6 26 21 14 25 7 17 30 4 19 8 2 27 16 31 12 23 20 10 29 18 3 13 0 28 33 24 1 5 9
2 6 15 20
19 29 31 31
11 14 31 31
0 19 29 29
21 27 28 29
14 19 32 33
10 18 22 26
9 10 19 28
4 6 18 22
16 23 27 31
3 12 24 26
0 1 13 23
3 13 26 26
9 15 16 21
4 5 19 32
0 0 33 33
1 20 22 26
4 19 31 33
1 1 27 32
4 22 26 32
23 23 26 26
5 23 33 33
4 16 19 25
24 32 33 33
7 7 9 10
9 19 29 31
0 17 30 31
21 28 33 33
1 4 15 17
14 23 28 31
19 20 29 33
28 28 33 33
0 1 21 23
7 22 27 28
2 9 30 33
1 11 19 33
11 12 27 27
18 26 31 32
10 19 29 29
12 25 29 30
21 31 33 33
13 29 32 33
0 11 24 30
3 25 29 29
4 14 25 27
66 10
34 30 39 63 10 64 62 41 9 55 24 60 38 45 0 56 65 15 43 23 33 54 26 48 3 6 61 52 57 18 35 40 4 47 13 27 51 20 37 12 42 44 21 14 36 59 28 1 29 46 2 8 11 32 16 17 19 25 49 31 22 7 5 53 50 58
45 59 63 64
45 58 64 64
25 31 42 50
4 30 40 58
29 46 57 62
21 26 58 60
17 26 29 39
19 21 37 61
9 12 17 63
42 44 45 45
49 10
44 24 47 4 36 38 42 43 29 39 32 10 1 2 15 19 16 34 5 25 46 7 12 31 11 41 14 0 45 13 40 28 26 9 37 6 8 48 22 33 21 30 23 18 35 27 17 20 3
0 7 48 48
25 34 38 43
2 9 44 47
9 44 45 47
1 28 45 48
4 4 29 30
1 5 25 47
13 34 47 48
10 13 19 25
5 18 36 48
84 20
31 36 49 33 62 65 43 77 28 55 23 5 39 11 40 13 53 8 37 68 50 52 42 35 47 4 32 20 73 21 10 41 15 76 81 79 78 18 67 82 59 75 44 29 51 17 34 12 45 25 16 22 80 74 70 30 66 19 48 60 0 26 27 64 58 14 3 69 2 57 9 7 24 71 1 61 54 72 46 56 63 6 38 83
5 41 52 78
0 3 23 55
21 45 62 82
76 78 82 83
23 33 64 70
5 13 38 82
22 37 41 72
2 7 67 68
2 7 40 58
28 49 70 74
13 67 79 80
18 23 25 31
29 73 74 75
29 48 61 67
23 48 75 78
11 49 74 81
25 25 56 71
15 28 80 80
24 34 66 67
56 62 72 83
25 45
12 5 8 3 10 9 1 18 19 21 6 7 17 2 0 4 24 22 13 11 16 23 14 20 15
11 23 24 24
0 2 11 21
10 18 20 22
8 18 24 24
0 4 21 21
1 10 17 23
5 20 23 23
0 1 14 17
12 15 18 18
4 13 16 19
8 9 10 24
9 15 21 22
4 7 13 18
11 17 19 23
8 11 15 18
2 16 22 24
1 22 23 23
16 20 21 24
8 13 15 18
2 2 11 20
11 12 18 20
0 2 9 12
5 18 22 24
2 6 18 21
0 19 21 21
5 6 7 18
2 21 23 24
0 12 24 24
1 1 15 23
18 21 24 24
6 20 24 24
15 17 22 22
2 7 19 21
12 14 20 23
2 14 19 22
8 13 19 23
1 21 22 24
1 10 15 19
6 12 14 17
1 1 24 24
6 18 22 22
1 3 7 10
9 16 24 24
6 8 23 24
12 12 16 17
11 12
2 4 8 3 5 6 0 7 1 9 10
7 7 10 10
2 5 9 9
4 7 8 8
3 3 10 10
1 9 10 10
0 1 2 4
3 6 10 10
3 6 10 10
4 5 9 10
0 0 10 10
1 2 4 8
2 7 10 10
9 14
7 5 2 4 8 1 3 0 6
1 2 3 4
1 2 6 7
1 2 6 7
1 1 7 8
0 0 6 7
4 5 8 8
0 5 7 8
3 6 8 8
0 0 4 7
3 3 8 8
0 0 7 7
0 5 6 6
0 0 3 3
1 3 6 6
25 24
3 9 16 23 13 2 5 0 11 17 19 6 18 7 1 24 14 12 20 22 10 8 15 4 21
1 9 24 24
6 15 22 23
3 5 14 21
1 1 2 21
8 12 14 20
7 9 24 24
3 10 11 15
8 20 23 24
0 20 24 24
3 4 23 24
0 0 9 16
3 5 22 23
3 20 23 24
1 2 4 23
2 4 17 17
14 14 21 23
17 20 24 24
5 22 23 24
8 8 9 22
1 3 8 19
0 0 10 11
3 3 11 13
13 23 24 24
7 21 22 22
75 15
12 56 19 27 57 73 5 60 72 22 41 18 55 64 13 32 58 10 49 36 69 62 2 45 48 66 20 38 51 16 11 37 61 34 40 15 30 65 25 67 52 74 17 6 54 59 70 35 43 0 33 53 44 46 63 1 28 14 23 7 29 47 71 39 68 26 3 31 4 50 8 24 21 9 42
1 38 42 54
4 42 44 67
3 18 45 57
48 64 68 68
10 27 57 71
1 1 68 74
34 43 55 55
24 73 74 74
1 8 21 32
2 11 74 74
54 54 60 63
29 33 56 57
11 16 39 56
8 19 45 74
15 16 49 50
25 33
24 12 4 9 5 14 17 21 7 23 13 10 15 8 19 18 20 3 16 22 11 0 2 6 1
8 18 24 24
3 3 16 20
9 18 20 24
5 8 18 22
3 11 14 24
0 0 6 22
15 23 24 24
14 15 16 21
0 7 19 19
3 7 12 22
3 6 16 20
5 9 10 13
0 0 10 14
8 11 13 19
1 1 20 20
4 19 21 21
10 15 20 20
9 10 24 24
16 22 24 24
13 14 19 20
0 0 1 20
3 7 17 17
11 21 22 23
1 6 8 24
13 21 22 22
1 19 22 22
1 16 21 23
12 15 19 21
8 8 13 24
1 1 5 21
15 20 21 23
18 20 21 24
13 14 20 23
96 7
82 40 64 9 90 17 46 3 12 44 33 8 53 2 34 88 70 57 4 72 80 5 55 43 23 84 81 79 75 48 62 78 67 38 1 76 7 83 73 95 24 52 0 77 39 35 28 20 59 6 22 85 86 29 50 37 92 26 60 11 69 54 19 27 89 91 16 10 66 15 13 93 56 68 65 36 47 49 94 31 25 21 45 63 32 14 51 58 61 74 87 41 30 71 42 18
3 48 95 95
27 71 79 87
20 60 67 91
50 70 74 87
4 33 45 57
6 56 81 81
34 38 74 85
9 11
0 8 6 3 4 5 1 2 7
2 2 5 7
2 7 8 8
0 3 7 7
0 3 5 6
2 3 8 8
7 7 8 8
0 6 8 8
4 5 7 7
2 4 5 7
0 2 3 4
1 5 7 7
