1
58 39
9 31 40 50 35 1 12 11 8 49 42 32 14 25 4 56 5 46 23 21 10 55 0 18 39 2 19 26 34 17 3 54 41 27 51 36 38 53 16 22 6 57 20 33 52 24 7 13 44 47 43 37 48 29 30 28 45 15
6 48 55 56
12 28 32 51
3 27 30 36
41 50 55 55
10 25 29 42
7 29 33 47
7 13 30 49
9 30 54 57
36 37 41 41
6 30 34 46
7 7 53 53
1 28 43 56
9 34 44 48
20 20 42 48
15 37 50 57
10 17 33 45
2 6 30 57
23 45 50 52
29 34 47 55
0 48 52 54
7 14 45 55
5 49 57 57
29 36 38 51
22 41 47 49
13 52 53 53
0 0 41 54
2 6 51 56
10 19 29 43
7 10 14 57
18 18 50 55
0 0 51 56
33 46 55 56
28 28 46 56
0 1 22 27
8 11 54 56
4 46 55 56
7 54 55 55
0 5 47 57
34 53 56 57
